sense	Ambai (Yapen) [amk]	Araki [akr]	As [asz]	Bierebo (Yevali) [bnk]	Biga (Misool) [xmt]	Buli [bzq]	Futuna-Aniwa (Aniwa) [fut]	Gimán [gzn]	Irarutu [irh]	Kasira (Irahutu) [irh]	Lelepa [lpa]	Maskelynes [klv]	Minyaifuin (Gebe) [gei]	Numfor [bhw]	Paama (Lironesa) [pma]	Pulau (Arguni) [agf]	Roria [rga]	Vao [vao]	Waropen [wrp]	Windesi Wandamen [wad]
Eight	0	3	0	7	0	0	3	0		0	5,  7	5,  7	0	0	7	0	5,  7	3		0
Fifty	0	0	0	0	0	0	0	0		0	0	0	0	0	0	0	0	0	0	0
Five	1	1	0	1	0	0	1	0		0	1	1	0	0	1	0	1	1		1
Four	1	1,  65	1	1,  65	1	1	1,  66	1			1,  65	1,  65	1	1	1,  65	1	1,  65	1,  65	1	1
I	1	1,  21,  22	6	1,  21,  22	6?	1	1,  21,  18	1	1	1	1,  21,  22	1,  21,  22	6	1	1,  21,  22		1,  21,  22	1,  21,  22	1	1
Nine	0	5	0	20	0	0	5,  44,  66	0		0	20	20	0	0	20	0		5		0
One		1	1	14,  77		1	41	1,  23	1	1	42	5	1,  23	1,  61	14	1?	1	1,  67	1?	1
One Hundred	0	0	0	0	0	0	0	0	1	0	0	0	0	0	0	0	0	0	0	0
One Thousand	0	0	0	0	0	0	0	0	1	0	0	0	0	0	0	0	0	0	0	0
Seven	1		0	2	0	0	1	0		0	13	13	0	0	2	0	13	1		0
Six			0	24	0	0	1	0		0	20	20	0	0		0		1		0
Ten	0	5	0	4	0	0	5	0		0	4	5	0	0	4	0	5	5	5	0
Three	1	1	1	1	1	1	1	1	1	1	1	1	1	1	1	1	1	1	1	1
Twenty	0	0	0	0	0	0	0	0		0	0	0	0	0	0	0	0	0		0
Two	1	1	1	1	1	1	1	1	1		1	1	1	1	1	1	1	1	1	
above		0	0	0	2	2	0	2?	2		0	0		2	0	2	0	0	2	2
all		81				21	60	21				0					0	0		
and	0	0	0	0	0	14	2	14		14?	12	2,  46	0	2	1	0	0	0	2	1?
ash		1,  52	16	78	16?	1?	1				1,  26	1,  76	16			1		75,  83	1	1
at	13	0	0	0	0		0	1		18	0	0	0		0	0	0	0	13	13
back	23	75		35	28		62				35	35	3?	23	130		82	14		23
bad, evil	19	104					1	1?			1	1			1,  99		102	1	0	19
belly		60		100	42?	23	19,  34			40	12	66?	23	58	61		1	13	42?	58
below		0	0	0	1	1	0		0	1?	0	0	1		0		0	0		1
big		10		106								50		50	113	41	48	88		50
bird		24,  42	1	1	1	1	1	1	1	1	1	1	1	1	1	1	24	1	1	2
black	1?	29	1	79			7		1	1?	40	1		1?	41	4		1		1
blood	14	1	26	54	26		4				1	1	1	14	1	1	1	1,  27	1	14?
bone	15	52		71			52,  5	28	2	2?	38	52,  59		70	52	1?	27	52	70	15
branch	0	0	0	0	0		0		1	0	0	0	0		0	0	0	0		1?
breast	1	1	1	47	1	1	3		1	1	1	1	1	1	1	1	1	1	1	1
child		5		5,  53	4	5	6,  103		5		72	5			5		5	5		
cloud		90		34			16				98	34			39		3	38	25	25
cold		1,  104		1,  99		1	1,  53	1?	1		45,  111	98	1				1,  104	51		
correct, true		0		x			106		6?		x	x			x	4?	0	78		
day		6	0				1,  54				1,  18	16			16		6	16	1?	
dirty	23	0		65	31	0	37				6	69			103	31?	0	6	22	23
dog		7,  75,  80		7		19	7		35	19	7,  79	29			7	1	72	7,  75,  80	38	
dry		29				1	66					11	1		11	1	29	11		11
dull, blunt		0		0			0		23	23	0	0			0	3	0	0		
dust	1?	0	12	25	12		1			1?	27	0			20	1?		86	0	1
ear	9	16	1?	1,  41			1	1?	1	1	1	1,  40		1	1,  40	1?	16	16		9
earth/soil	22	11,  73		1,  69			10				1	1			1			1	1	22
egg		56	1	1,  70	1	1?	9	1	1,  61	1	1	1,  66			1,  66		56	1		
eye	8	1	13	1	13	1	1	1	1	1	1	1	1	1	1		1	1		8
far	24	0	1	88		1	43	1			67	0	1		72		0	0		24
fat/grease		0	0	15	0	1		25		0	0		0	1	0	0		0	1	
father	11	1	1,  10?	1,  30	1,  10?	1	19	5			1,  10	1	1,  10	1	19	43	1	1	11	11?
feather		1		1		1	1		1		6	1			1	1?	0	1	1	
fire	1	19	1	19	1	1	1	20			19	19	1		21	1	19	19		1
fish	13	53	12	1	12	1	1	1			1	1	1	1	1,  68	6	53	53		13
flower		35	0	56	1		9,  18	1	1		0	53						35		
fog		0	0	3,  32	0	0	0				71	0	0		3,  32	0	65			
fruit	1	35		36	1		1		1	1	1,  26,  38		1?	1	37		1,  26	1,  26	1	1
good			1	108	1	1	92	1			1	108		1?	124			67		
grass		0		31			1				31	1			31	45	75	51		48
green	24	0		8,  71			0	5	1	1	8,  43	8	25					73?	24	24
hair		31		63			31	71	31		61	31			31		31	31		40
hand	16	1,  64		59		21	1,  64	21	16	16	54	16	13	16	16,  72	1,  64		1,  66	16	16
he/she	1	1,  6	1	1,  6		1	1	1	1	1	1,  6	1,  29	1	1	1,  29	1	1,  29?	1,  29	1	
head		9	9	9	1?		1		1		14	9		1?	9	1?	9	9		1
heavy	1	0	21	78	21		46				32	33		0	33		34	31		1
house		1	0	1	1		14	1	1		1	1	1	1	1	1		1	1	
how?		0	0	58								0			58,  82,  83		0	0	0	
husband	27	60	27	62	27		77				68	2	27	2	2	47		17	27	2
if	0	0	0	17	0		28		0	0	78	0	0	3?		0	0	0		0
in, inside		0		18		1		1			51	0	1		49?		0	0		1
intestines		0		1		1				1	15	1	1?	1?	1		76	1		1?
lake	12	0	0	0	0	1?	6				0	0	0			0		0		12
leaf	1	47	1	46			1		1		45	38			17			1	1?	1
left		2	34	1,  59	34	7	1,  59,  74	7	87	87	1,  59	1,  59	34	55	1,  59		2	1,  59		55
leg/foot	1,  100	73		98	1		1,  100	1,  100	20	20	95	37		1,  100	52	7?	34	49	1?	1
lightning		74		26,  70,  72		19	13?				26	26,  70,  71	19		26			26		
liver		7		1,  34		1	1			1?	12	7	1	1?		1	7,  54	7,  54		
long	23	0		16	12?	22	72	22		1?	16	16,  96	12?		60		16	16	23?	23
louse	1	1	1	1	1	1	1	1	1	1	1	1	1	1	1	1	1	1	1?	1
man/male	1	84	1	1,  14	1	1	1,  11	1?	1	1	80	1,  14	1	1	91	1?	83	73	1	1
meat/flesh	25	0		15,  81,  82	26	24	14	24?			15,  79	10	24		10	26	10	0		25
moon	17	53	16	6,  29	16		7	16			8	6	16	16	6	1	6	1		17
mosquito		1,  80		1	18	18	1	17			84	1	17	18	1		81	1		18
mother		1,  47	1?	64	1?	1?	5		1	1	44	50		1?	1,  83		60	1	1	
mouth	6	55		80	18	18	2	18			7	41			80	1	1	1		
name	1?	1,  35	1	1,  38	1?	1	6		1		1,  36	1,  35	1	1?	1,  18	1?	1,  35	1,  37	1	1?
narrow		0	0	x			15	1			0	60	0			0	0		0	
near		0				51	9				14	0	51				0	0		
neck		18	32	101			21,  18	32			111	102	32		43		42	84		
needle	0	0	0	0	0		0	1?		0	0	0	0	12	0	0	0	0	12	12
new	1	0	9	10,  59	9		1	1			1	1	9	1?	55		1,  47	1,  47	1	1
night	19	68	18	1			1				1	65	18		1		68,  69	1,  67		19
no, not		0	25?	32							10	0	25	25	103		0	0		
nose		1,  60		1,  58		1?	1	1?			1,  58	1,  58,  89			1,  58		1,  60	65		
old	0	1,  35	0	1	0		48	1		0	1,  35	1	0		1	0	123	1,  35	0	
other		0		54					0							50	61	0		
painful, sick		0	0	103		42	1				1	1	42		1		32	32		
person/human being		0	19?	57			1,  66,  97		87	87	4,  7	86			7,  8		4,  53	4,  53		
rain		1		1		1	1	1	1		1	1			1	1?	1	1		
rat		18	0	3	21?	21	14	21	3		3	3			3,  77		18	18		
red		53		18		60	13				1,  55	93			18	10	53	1		
right	79	5,  37	15	5,  37	15		5,  13	79	5,  70	5,  70	5,  37	5,  37	15	5,  70	5,  37		6?	5,  37	1,  62	
road/path	13	1	1	64		1		1	1		5	1			50	1	1	1		13
root		2,  41		45,  46	8		2		2	2	2,  41,  42	2,  41	8		18,  44		2,  41	2,  41		2
rope	2?	58	2	5	2	2	74		2	2	1	25	2		69	2	58,  65	58		2?
rotten	9?	0	24	51			14				19	51					37	51	52	
salt	1?	20	20	0		3,  55	3?	3,  45		20	0	0	20	3,  45	20	1	0	0	0	20
sand		1	1?	1			1					1,  79		1	1,  79	1	77	1,  79		
sea	22	1	17?	1	20	20	1	20			1	1		17?	1		1	1	6	6
sharp	22	0	1	14,  79,  81	29	1	14,  16			36	14,  79,  81	14	29		14	1	14,  84	78		
short	22	0	21	0	21		0		9		0	0	21		0		0	0		22
shoulder		38	0	0			79		1	1?	79?	65,  71	1		65,  40		38	1	0	1?
shy, ashamed	0	0	0	0	0	1	0	1		0	0	0	0	1	0	0	0	0		1
skin	17	1,  80	16	1,  71	16		1	1	1	1?		1,  71	16		1,  80,  71	1?	1,  80	81		17
sky	19	0	1	0		1	1	1	1	1	38	63			1,  61	1	1	30,  31	1?	19
small	18	104		104?			141				78				108			114		18
smoke		2	44	2,  76		44	2	44			2	2,  75	44	2	2		2,  75	2	2	
snake	24	12	23	12	23						12	12			13			12	22	22
spider		0	0	0			0			1?	0	0	1?		0		0	0		
star		1,  73	1?	70			1				13	13			1		1	13	17	17
stick/wood	1	0	1	27?	1	1	1	33	1	1?	1	1	1	1	28	1	24	1	1	1
stone	11	19	1?	1,  40	1	1	1		11	11	1	1	1		1	1?		1		
tail		76		61			13				11	39?					76	60		
that	1	0					1		0		39	0					0	0		1
thatch/roof		0	0	0		1	0	1	1	1	0	0	1		0		0	0	1	
they	1?	x	1	x		1	x	1	1	1	x	1,  19	1	1	x	1	1,  48	1,  33	1	1
thick		35	3	3	3	19	3				3	3	19	1	3	0	0	3	0	3
thin		1		1		1	1	1		1	1	1				0	0	1		1
this	1	0	1	1	1		7?,  1	1	1	1		0	1	1			0	0		1
thou		1,  17	9	1,  17	9	1	1	1	1	1	1,  17,  18	1,  17,  26	9	1	1,  26			1,  18	1	1
thunder	2	80	29?	83	29		14				42	2,  84	29	2	83	8	80	2	10	2
to bite		1,  55		1,  55			9		1		1,  55	1,  55		1	1,  55		59	1,  55		
to blow		0		62		4,  57	5	4,  57	5		60	4			4		60	5	4	
to breathe		0	0	47,  75	29	1?		1			12	41	1	1?	35	29?	13	14		
to burn	0		0	84	0		1,  7			0	7?	39,  91	0	1	86	0	4	4		
to buy	1	0	0	0			0				0	0			0		0	0		1
to chew	0	0	0	0	0		0			0	0	0	0	1	0	0	0	0	1	1
to choose	1	0	0	0	1	9	0	0	0		0	0	9		0	1	0	0		1
to climb		0	0	0	1		0				0	0	1		0		0	0		1?
to come	1	1	1	1,  23	1		1		1	1	22	1		30	1	1		1	30	30
to cook	3?	0	18	21	18						19,  82	21,  80			19		78			3?
to count		0		81			8				70	1			81		42	70	0	0
to cry	1?	1	1	1	1	1	1	1	1	1	57	1	1	1	67	1	5	1	1	1?
to cut, hack		1		1						3	1	1			1			1		1
to die, be dead		1	1	1	1	1	1	1	1	1	1	1	1	1?	1	1	1	1		
to dig	10	1	1	1	1		1		1		1	1	1?		1			1		10
to dream	20?	0	0	0	19	19	0				0	0	19		0		0	0	20?	20
to drink	1	1	1	1,  73	1	1?	1,  72	1	1	1?	1,  49	1,  73	1?	1	1,  49	1	52	1,  73	1?	1
to eat	28	1		1		1	1,  47		1,  14	1?	33	1	1	1	1		1	1	1	1
to fall		0		7			14	26?		26?	120	95			57	0		13		
to fear	1	1		1	1		1		1	1		1	1	1	1		1	1	1?	1
to flow		0		59			10				33	58			65	0		33		
to fly		14	1?	14	1	1	11	1			40	27	1	1	14	6	31	76	1?	2?
to grow	0	0	0	0	0	1	0	1	1?	0	0	0	0		0	0	0	0		
to hear		1	1	1		1	1,  83	1	1		1	1	1		1	2	1	1		
to hide	0	0	0	0	0		0		1	0	0	0	0		0	0	0	0		
to hit		97		93		23	10				98	86			86	4	86	41		
to hold		0		3		0					90	93						35		
to hunt		0	0								67	0			74		0	59,  64		
to kill	1	61	1	66,  1	1	2	8	1	1	1	63,  1	69,  1	1	1	12,  2		0	59	1	1
to know, be knowledgeable	1	0	22?	110	22	1?					35		22		18		1	19,  90		
to laugh	3	51	3	84	3	3	7	3	3	3?	94	51	3	3	84	3	13	51		3?
to lie down	16	0		15	1		6		1	1?	1,  69	63	1					1	0	16
to live, be alive	0	1,  76		1,  76			1,  76				1,  76	1,  76			1,  76		25	1,  76		
to open, uncover		0	0	0	19		0				0	0	19		0		0	0		
to plant	2	0	0	0			0	2	2	2	0	0	2		0	2	0	0	2?	2
to pound, beat	20	0	0	0	20		0	20	2	20	0	0	20	20,  2	0		0	0		
to say		113		47			27				117	105			16		30	30		
to scratch		1,  88	1?	73	1?	18	10	18			1	1,  87	18		12	1?	59	68		
to see		14,  94		86	22						99	14,  94	22		14,  94		14	14,  94		
to sew		0	22	60	22?		17				60	62	22		13	1	0			0
to shoot	1	0	1?	0	1	2	0				0	0	1		0		0	0	1	1
to sit		115		1		1?	16		1	1?	72	80	1?		1	148	84	109		
to sleep	8	63	8?	19	8	1	63				1	86	8	8	1	8?	32	8	8	8
to sniff, smell	19	42	18	76	18	18	41	18	0			65	18		65	12,  7	0	42	19	19
to spit	14	37,  101		104			18				85	35,  86,  96			15	9?	37	37,  102		14
to split		0	18	4,  6	18	17	4	17				1	18				1	4,  6?		
to squeeze		0		87	26		14				36		26	1				16		
to stab, pierce	21	0		14				7			79	0							68	21
to stand		2,  69		25		16	2	16	1	1	56	97			58		2,  69	2,  55	16	16
to steal		0	0	0			0		0	1?	0	0			0	1,  59,  60	0	0	1?	1?
to suck	1?	0	1	51	15	1	10		0		25	51	15	1	51	1	51	50,  64	1?	1?
to swell	1	0		0			0		1	1	0	0			0	59	0	0		1
to swim		0	19	49	19?	19	5		5	5?	8	8	19	19	73	59	8	5		19
to think		0		13,  51		28	9	22	13		13,  72	16	22		13		13?	13	0	
to throw	18	0	19	85	19		9				75	88	19	18	87?	35	86	75	18?	18
to tie up, fasten		0	24	85			15				1,  39	83	24		94	119?	91	80		
to turn	18	0		4			15	8?	1	0	105	44			24		115	34,  106		18
to vomit	1	8	1?	8	6	1	8		0	1?	8	8	6		8		8	8	1?	1
to walk	40?	2	15	10,  63	15	2	1	2	2	2	102	10,  63		40?	62	1	10,  63	87	40?	40?
to work		0		1,  89							91				1			33		
to yawn	0	0	0	0	0	19	0		0	0	0	0	0	19	0	0	0	0		19
tongue	23	7,  41		7,  43			15		7	7?	7,  40	7			7	35?	7,  41			23
tooth		18,  40		1,  35,  43	1		1		1,  35	1	6	1,  35			1,  35		18	18		
warm		91		0	1	1	1,  72?	1			12,  94	12				1		1,  72,  93?		
water	11	2	2	2	2	2	2	2	2	2	2	2	2	2	2	2		2	2	
we	2		2		2	2	2,  29	2	2,  52	2			2	2		2	E	E42		2
wet	1?	0		35,  89			123				36	49			35	34	49	36		1
what?		1				1	1				1	1		10	1	1?	1,  57,  73?	1		
when?	1?	1,  43	0	1,  24	0				0		1	1,  24	0	0	1,  43	0		56,  57,  58	0	
where?		3,  59		3,  59			3,  35				34	3,  59			3?			3,  59		
white	24?	89,  91	24	98	24	23		23	1		12	11					13	1		24
who?		1		1,  43		1	1				1	1	1	1	1			1	5	1
wide		0	48	0	1?		0		49		0	0	0		0	0	0	0		
wife	5?	0	5	1,  57	5		5,  89				50	1	5	1	1	5,  68		5,  68	5	5
wind	22	1,  77		1,  77	23		1,  66				1,  77	1,  77	23	22?	1,  77			1,  77	22	22
wing		1,  12		1,  12			1,  59		77		61	1,  12			7	2	63	1,  12	0	
woman/female	1,  106	77		79	1,  52	1,  51	1,  41	1,  51	1,  106	1,  106	84	10	1,  51	1,  41	1,  106	1,  106		1,  106	1,  41	1,  106
woods/forest		0		79	11	11	13				18	2,  87	29?	0	88,  109			92	0	
worm (earthworm)		0	0	0		36	0				0	0	1?		0	6	0	0		
year		0	1	29,  65	1	1	1	15?	1	1	1	29	0	1		6	1	29,  65		
yellow		77	0	76			11				33	9				1	79	68		
you		x	1	x		1,  13	x	1,  13			x	1,  32			x	1	1,  13	1,  13	1	
